004007
003962
002635
003247
003964
003975
001721
002588
002907
001887
002911
001802
002505
000887
000475
003551
000289
002006
002948
000068
003417
001031
002997
000279
003260
002346
000434
002938
001194
000088
000113
000990
000683
001317
003274
000513
000911
000390
000882
000377
000274
000688
000248
000239
002210
001514
001119
002998
001719
003491
003267
000654
000379
003036
001842
003637
000721
001908
001958
003465
000460
001051
003974
001556
000444
003143
004024
003034
000938
000089
003067
002657
002530
001563
000454
001999
002338
000459
000340
000138
001700
003700
000158
000393
001196
000129
002251
001673
003471
002877
000868
002776
003420
001810
001280
000240
002569
001121
002683
002668
001827
001020
001688
002287
000399
003997
000547
001991
002646
001618
000005
001657
002031
001007
002515
002775
000362
001701
001872
001706
002311
002790
001687
001881
000872
000148
000203
003586
003641
000915
000175
003430
003383
000732
000604
000026
003419
003617
001005
000381
001237
003158
001493
000595
003875
001410
000695
001591
001281
001752
003272
002191
002744
001423
003048
001961
000991
001855
000842
001552
003844
000035
003752
001041
000190
001303
000563
000769
003233
003463
003399
003024
003884
000955
003883
000518
003229
000574
002055
003147
002122
000261
000441
000928
000307
002157
003893
003872
002545
000687
002586
003712
000054
002813
002929
003956
000623
002385
000067
001313
000576
003110
002978
002796
000735
000557
000508
000889
003632
001433
002753
002357
004027
002836
003293
001840
002789
000357
000675
000802
000646
002070
003122
000906
001669
003460
000423
001376
002748
001870
001505
002488
002837
003640
000363
001460
001994
001511
000212
000202
003836
001279
001383
002863
002858
000715
003860
000621
002361
001517
001231
000952
002208
002981
001772
003520
001996
003347
001825
002609
003342
001570
002953
001790
003432
001400
001161
001776
000884
000419
000958
000925
001805
001053
002989
002258
002932
000774
001562
003572
002443
002247
003681
000895
003955
002628
000166
002717
003994
003760
003709
003838
002596
002235
000672
001114
001371
002565
001272
003127
000008
000660
003459
002701
000211
003259
002403
002874
001987
002838
001781
001533
002914
001584
003562
003358
003951
000491
002075
003636
002769
002504
001171
002227
003880
003206
003793
001778
002283
001604
000396
001284
000173
002307
000612
002573
000428
003020
000413
000639
001351
003411
000857
000835
003924
002778
000018
000836
002634
001328
002037
003630
003710
003162
000789
002811
002310
000206
003865
002116
000226
001742
001326
000945
003000
000285
003451
000257
000656
001125
000047
000831
002048
000347
000402
003353
002733
001619
003323
001835
001898
003849
002665
000599
000300
001982
002620
000071
003424
000275
000927
001941
003992
001879
000134
000111
001933
001862
003876
001515
002123
003278
000481
002928
003263
000645
003831
003348
001340
001648
000386
001951
002252
002677
000575
002994
002201
000181
000337
003978
003467
002944
000546
001582
000352
001953
002522
002434
002656
001601
001789
000128
002388
001452
002516
001945
000921
003334
002136
003495
003440
002182
003757
002315
002583
004022
001038
001373
003129
000000
003196
001760
003726
002622
002971
000746
000782
002916
003615
001057
002112
002954
000864
002927
000271
000147
000521
000587
001729
002478
002655
002266
002054
002243
003567
003518
001566
001295
003390
001754
001289
000311
002244
001509
002852
000824
000740
000969
000132
000146
001610
003528
002148
002085
003148
003096
000979
003532
002411
002128
000405
003360
000862
002003
002019
002673
000739
000937
002765
001590
002463
000108
003522
000103
001795
002535
003890
002872
001717
000033
003899
001738
000920
001644
000466
002221
003486
003240
000456
003320
003828
003490
000643
003531
000524
000233
003412
003957
003543
002259
000196
001416
000189
003351
002281
003080
000670
002814
003387
003505
002912
003782
001192
003779
003163
000045
001307
003302
003213
003805
002066
003290
002786
002220
002780
000020
001520
003571
002323
000017
000074
000788
003613
003651
001643
001140
003944
000130
000447
000353
000530
000217
000984
000700
003758
001904
001014
002681
002325
003672
003479
002012
002034
000214
001228
001352
002438
003012
002832
002272
003581
003708
003081
000873
002864
002689
003541
000332
001109
000761
002365
001111
000609
000487
003570
003857
003388
002380
001759
000779
002187
002013
000335
000907
003394
002426
001142
003671
002991
002008
003193
001948
002045
003977
003141
001922
000545
002536
002632
001955
000422
001990
001638
001091
003089
003767
000777
000745
000255
003770
003310
001580
000304
002574
002691
002432
002129
000374
003226
003376
000194
000367
000784
000069
000126
000616
001753
002797
003896
001187
002329
000361
002829
000343
001497
001164
001045
000251
003195
002793
003585
000079
002176
003051
004002
001174
000579
001539
003500
003189
000295
001412
003219
001180
000223
000764
002142
002924
000838
003144
000743
001901
003176
000933
000262
000469
002107
003937
001261
001219
001260
000522
002992
000605
002379
001972
000256
000803
003819
000601
001695
002115
001606
000517
002177
002101
003696
000135
003703
003714
003514
001476
000109
001027
003301
000464
003232
000635
003264
003621
001179
004012
002773
000019
002835
001993
001629
003161
002233
000703
002986
002195
003327
001147
000021
001065
002477
001844
000699
000780
002584
000384
003238
001974
002199
000758
000698
002206
001064
000844
001070
001308
003921
003729
000320
003478
001465
001986
000227
003563
003050
000123
001730
002214
003319
003377
000182
000543
000433
001868
001355
001576
002035
000909
000551
003552
000968
002114
002857
000817
001557
002091
000569
000483
000525
003086
000624
001745
002926
002682
000325
002021
001530
001258
000028
002842
003873
002676
001981
002983
002702
001705
003850
003177
002896
000414
003392
002746
002078
001019
003332
001176
002618
002653
000507
001169
000127
000104
002394
003311
002368
001067
001382
000919
001612
003666
002294
002047
002409
002585
003277
002812
002384
001550
003279
002079
000578
000648
003650
000754
002263
000395
002145
000849
002135
003382
003664
003204
003797
003443
003207
002039
003087
001858
002977
001217
002827
000577
003470
001223
001637
001459
002887
000029
000480
002739
004005
001507
002393
002188
003497
001828
000366
003843
003663
001535
000082
001082
000478
003111
003313
003799
002498
000529
002557
001587
000891
001252
001097
002098
002934
001731
000098
002860
003848
000741
000032
003946
001809
003203
002675
003428
002462
000752
001627
002224
003845
002386
002962
000407
000286
001949
003019
000078
003583
001274
002347
001455
003918
002043
003106
000514
001421
000142
000122
003092
002843
001744
000369
001826
000931
002639
001611
001191
000183
003721
002102
001049
000722
002001
003185
002871
000750
002939
003241
003993
001393
002587
002553
001445
003619
000230
000140
001444
003691
002696
000096
000582
003738
001676
000710
001404
001479
002999
003221
000619
003804
002024
001301
000041
003053
002414
000841
000235
003897
002809
001151
002601
000392
002193
003889
001959
003812
002489
002672
001471
000319
003121
001784
003914
003187
001435
001347
002823
002238
001491
003251
001937
002968
003864
002219
000107
003662
001727
002570
000094
002833
002301
003987
002548
002499
001725
002859
003250
003534
001489
000086
000345
003529
000935
002340
003544
001544
001854
003959
003374
003750
003735
002137
001969
003146
002396
002124
001276
003271
000141
000382
002848
001385
003168
003431
001486
000859
001910
003222
002980
003566
001088
003154
001269
002804
003335
003119
000376
003109
001218
003517
001175
002817
004030
001098
002132
000871
001529
000092
003324
002094
001380
003345
000341
003732
001741
001286
001078
003035
000942
000133
002925
001255
001659
002703
002392
003047
001409
001448
001234
000584
004006
003616
000894
003716
000303
003751
002150
003723
003580
000030
002470
002321
002298
001417
000870
003685
001528
001625
003733
000825
001323
001285
001820
002890
001361
000861
003806
002093
002162
000826
003840
003525
003574
001138
002060
001555
001462
003400
001162
003984
001733
002056
000960
003098
002441
000821
002072
002335
001508
002719
000177
003787
001903
000193
001442
003171
004010
003506
003501
000282
002475
002292
000485
000013
002106
000220
000892
002341
004011
001170
003886
003473
001058
001473
000791
002455
000559
001909
001847
000443
001737
001149
003829
003811
001201
002518
002805
000810
002454
000156
002029
003070
003927
002652
001623
001172
002359
002921
003820
003565
000665
000463
003837
001013
002777
001296
003780
002249
001799
002267
000034
000062
003892
003269
002229
003942
001437
003815
003381
000854
001060
001103
003839
000571
002603
000259
001211
000246
000050
002046
001560
003807
002952
001259
002175
000312
003331
004038
003739
000495
002539
003184
001723
001363
003492
000009
001457
001177
002296
003594
003706
000418
002870
000899
002110
003136
000733
003502
004020
003933
002869
000759
001154
001654
003538
001338
001569
000794
002918
001168
000241
002745
003631
002891
003985
003929
000213
002830
002480
002125
002783
001984
001797
002398
001099
000527
001571
001711
003512
002483
000830
003461
000878
001770
000291
000201
001661
001728
000975
001578
001889
000946
002846
002898
003013
001128
002883
001686
002713
002847
001642
000760
003555
002087
003686
000097
000855
002239
001596
000863
000874
000100
002995
002313
002802
003444
003764
001394
000046
002862
002752
003062
000751
003363
000242
000696
002651
002068
003084
000477
003772
000966
000588
003049
000512
002840
002160
001214
002465
000550
001016
001006
001646
002184
001573
000986
001829
003694
002400
001183
000093
000442
003885
003245
003701
002190
001859
001358
003117
001748
003042
002274
001499
002293
003218
002375
001712
002692
002289
001791
002888
003905
003270
003362
001698
003474
002764
003809
001263
000270
002566
000613
000265
000293
002111
002722
002560
000770
001240
002081
001156
000580
000429
001768
001558
001787
000815
001614
001331
000072
002416
002502
000471
002828
001559
000401
001541
003810
003642
003027
002756
001691
002278
003835
001811
003306
001359
001506
001758
003734
001978
001270
001325
002171
003584
002430
001043
003895
000254
003210
000055
003407
001942
000811
002356
000726
003287
003719
000290
001207
001801
003902
003704
000420
001148
002597
001885
001834
002469
001212
002062
003091
003509
003554
002690
001181
002819
002069
003266
003435
001915
000375
002612
001664
003349
000383
003423
000346
003361
002728
002018
001386
002521
000149
003606
002479
002225
001112
002706
002343
002614
000818
000185
001769
000328
002750
000865
001792
001899
003457
000330
003922
002591
001126
001671
002841
000881
001292
003882
002153
002053
001726
003909
001916
000939
001415
003720
002172
001871
001739
003633
000272
003273
001749
000204
003920
001250
001244
000302
001093
003396
001501
000497
001283
000792
001621
000267
003429
000843
000756
000438
002674
002442
001722
000324
002792
003741
004001
002144
001641
000004
001498
001682
001322
003124
000153
002472
001538
002647
001764
002637
000252
001547
003728
001655
002406
001773
003208
003952
003786
001327
000668
003010
003670
001851
000209
001402
003131
002158
000590
003526
002851
003112
001751
002445
003773
001002
001422
003832
001315
000549
001146
002280
002009
003659
002204
001167
000762
003262
003075
002364
001397
001275
003900
003935
003038
001900
003159
001882
000976
002636
001273
001579
001766
003103
000215
001063
002028
001519
003372
001290
003602
000993
002344
002930
002726
003560
001551
002327
000814
001204
002705
003855
000176
001356
001653
002600
001605
002279
001222
002026
000680
001609
003976
001406
003151
000167
002421
000725
001391
000119
000389
001407
000486
003375
002378
000548
003057
003661
000913
001845
003386
000403
000790
001267
003414
000560
003568
002949
002170
001833
003436
002076
000573
000995
003074
003847
001616
001494
002950
003967
000225
003608
004026
001796
001450
000583
001839
002772
001341
003014
001081
003083
002290
004032
003284
003830
001293
003558
001924
002275
002815
002427
002449
004039
000961
003826
000677
003600
003071
002408
002482
001300
002526
000655
000310
002090
003044
000886
000075
001443
000280
003954
000163
001157
002825
001377
002663
001788
003389
000930
003649
002767
002899
003677
002623
003315
001320
001774
002320
001079
003645
003201
000644
003990
002425
001710
003288
003041
000287
001047
002215
003813
003489
003281
002735
002964
001767
000368
002260
003625
001807
003297
001264
000170
002494
002917
003582
003800
002444
003756
001085
002381
001247
000465
002181
001757
000839
001482
001968
003643
003268
003379
001821
000410
000905
001367
001186
000581
003209
003983
001434
000348
001253
003235
002169
002568
003530
003113
001135
002839
001163
002192
003095
003852
003482
002457
002616
001912
002956
000120
003931
003282
000253
001357
000372
000409
002736
001869
002179
001960
003355
001132
002308
000425
002709
001008
000564
001841
002550
002850
002490
000065
000719
001469
001500
001585
003718
003191
003445
004014
002712
002300
003059
001635
003498
002519
004008
002277
003753
000010
000186
004028
001780
000083
001681
002551
002371
002711
000179
000702
001127
002120
002589
001265
003833
000566
003157
002051
002390
001940
004017
000900
001630
000982
002766
001206
001806
000322
003903
000833
000155
001004
004019
001195
000412
000494
001046
001925
001208
001565
000161
003438
004016
002487
000918
003550
000776
002801
000932
002022
002349
003056
001524
000659
000457
002369
003255
000222
003454
001229
003963
002824
002658
000642
001023
000973
001549
002972
001816
003763
000944
002196
002845
003542
001762
000355
001732
001952
002799
001812
001824
003689
000956
000834
001939
000249
001001
000853
001333
001598
001384
000016
003005
003261
003150
002354
000707
003397
003205
002737
003693
002787
001398
000676
001736
001095
000143
001451
003305
003871
000268
001600
001077
001662
001865
002510
003755
000394
001120
003004
000162
001513
003380
003771
003093
001050
002529
003798
003743
003114
001878
002461
003142
003823
003283
000236
003385
003214
000157
003620
000950
000785
000101
000671
000258
001215
000294
003578
000941
002613
001044
000608
001919
000502
001026
000121
001431
002180
001954
001531
002549
003711
000421
002140
003777
003970
001362
000893
001440
000364
002718
000339
000006
001597
001679
002467
001068
002089
003243
001607
000657
001921
000427
003008
001306
002738
001645
002577
002880
001374
001454
001332
003761
002708
000544
002481
000798
001636
000618
003545
000090
001896
002216
001248
000596
000455
000397
001622
002492
000996
000436
003818
002970
003410
002903
000705
003611
003378
000626
001586
003603
001190
001388
003033
003628
000228
002288
000697
000110
003968
003508
001488
000474
002558
000066
003989
002807
002873
003336
000388
002496
002617
000208
003371
003996
002121
002741
003825
001257
001917
003861
000890
002732
001425
003579
002816
002754
000786
001185
001235
002659
002428
003958
003496
003246
002226
002436
000753
003601
001516
001226
002974
002710
002185
000866
003178
000989
004023
000284
002884
000350
003680
003556
001944
000510
000667
003476
003877
003249
002517
001545
000458
002254
000972
003354
003938
000772
003774
002757
001015
000708
001907
001074
000404
000124
003596
001379
000338
003634
003504
002803
002608
002660
001366
000231
001266
003343
002415
001369
003022
002923
003063
001084
000014
003991
001432
003769
000840
004000
002080
003054
003023
000200
003462
003727
001277
003803
003408
001663
000534
003298
000371
000998
000043
003788
003312
000317
002271
002084
000597
002127
000685
003950
001316
003618
002063
002202
002697
002795
001426
001581
000136
000632
001481
001484
001957
000511
002453
002556
002976
002086
003393
002638
001761
002649
001089
001467
002027
001950
002431
001631
003683
002615
002592
003784
001624
003373
002555
002581
003679
002355
001032
003367
000542
001831
003878
002966
001372
003258
001992
002662
001129