006761
003058
000149
002412
001674
001033
002065
002675
007550
004152
004664
002862
003369
005467
001224
005272
001069
000198
002717
002823
001915
004466
006424
005536
000006
003287
005289
007496
004454
003518
001640
004818
005480
001673
000827
001088
005394
000680
003209
003896
002582
005391
002367
003157
007797
003681
002460
005738
006867
002936
001879
006335
000177
002698
006316
007339
005442
001094
004764
005291
000063
000682
005478
005964
005958
002167
000377
007730
001175
000016
002331
002342
000361
006161
002769
001628
003400
002407
006971
007046
000936
004681
002011
006662
005561
007629
003664
000123
006108
004513
004508
000216
006505
003914
001920
004112
003242
006492
007419
001394
006713
003353
000342
005360
002869
005088
005064
003523
001453
001435
003723
003479
002019
001997
002631
003289
002673
002426
006765
005549
005924
002800
004318
000230
006739
002896
003968
002532
007514
002719
003855
006016
002527
006544
007216
006570
003081
004970
006422
001120
001764
005123
002685
003641
002365
006573
000413
005334
003229
003092
000585
002890
007063
001461
001390
000922
000269
007655
004538
003288
004512
000843
002272
006759
003099
007114
001644
003302
000028
000567
001731
000468
001899
007243
006590
002422
007212
002626
003618
005529
001943
000321
001314
001691
004410
000529
002121
002403
002324
006070
001910
006837
002660
003640
007601
002054
005138
003117
005746
003172
007464
004900
004470
007651
002127
004478
003983
000776
001311
005929
002758
006005
006708
002743
006957
003996
000701
006776
001418
007795
004102
003236
004700
006711
003033
000408
005956
002756
003634
001486
005396
002012
006997
006287
004674
001360
006885
006060
000429
002569
000906
002289
004363
000606
000219
002446
005034
005862
001215
005571
004898
005822
001959
005804
000544
000025
000329
000460
003375
002852
004464
002387
007531
006754
002586
005518
003596
004656
002537
001318
002570
002280
007568
001592
003447
004084
004587
004225
004468
000828
006564
002964
003213
000209
003763
001488
000282
005624
005005
006421
005533
004985
001073
004438
001244
007403
003103
001749
005567
004981
000302
001303
007137
005843
001296
006731
005263
005428
006142
007504
001971
007420
004174
000704
006259
004288
002937
007153
000326
003624
001013
001315
003365
001654
006668
000011
006406
007354
007052
001583
000730
004408
006356
004739
002371
007326
004119
000686
005401
007800
000374
002330
004351
003466
000512
004280
004329
007285
000844
006249
002733
003442
003690
001091
000542
000819
000416
005532
003253
006538
002946
004594
002016
002113
001071
000154
002700
007489
005328
005871
002015
004436
007712
001233
003413
007829
003990
000210
006740
005615
004697
006575
004819
006907
007112
005678
004276
005176
007538
006390
002929
007715
005254
006029
006181
000970
003307
003237
002778
006851
005225
001823
004307
002450
005441
004758
003030
007320
007737
006490
004008
002880
007808
004932
004942
001137
000748
006394
003045
001713
001416
000502
003693
003501
006344
004458
001643
005737
000935
004456
003366
003542
000619
004755
000267
003604
004835
006875
000593
000459
007214
002132
000443
002185
006183
006589
001129
001717
006766
005963
005558
003821
005833
000868
003712
000657
007582
005621
003015
002646
002401
004341
003526
006106
006103
000676
004708
002491
000745
007432
004182
003980
003579
003154
006102
006672
002484
007534
002681
000114
007704
005851
004500
002967
001847
005881
004305
006633
006138
002009
004431
002941
002481
000265
007259
003067
006478
002799
004389
007090
001349
004683
002385
004418
002605
002585
007536
002989
001660
006792
005966
001603
001142
003268
007152
005604
006194
001003
001039
005736
001506
001582
004993
006109
005530
001286
003153
005732
001666
006033
005739
003917
006297
002803
003309
004196
001433
002187
006936
000691
007039
004393
004420
004967
006479
003462
002564
003540
003320
002610
006937
000539
006621
000994